
vmstat 
 
 
 bob@centos-host ~ ✦ ➜  vmstat 1 5

procs ------------------ memory ------------------- ---swap-- -------- io --------- --system-- -------- cpu ---------
 r   b   swpd      free      buff      cache        si   so     bi     bo     in      cs    us   sy   id   wa   st
 9   0     0    3170912   5164732   42257484        0    0    1752    422      1       1    10   13   73    4    0
17   0     0    3174560   5164736   42257628        0    0      92    120  89380  160907    19   12   69    0    0
 8   0     0    3170400   5164736   42259128        0    0    1508      0  77191  135413    16    9   74    0    0
 9   0     0    3168568   5164752   42259164        0    0       0   2536  75716  131232    17    8   74    0    0
 6   0     0    3164692   5164764   42259168        0    0       0    284  86101  152212    17    9   75    0    0

